0.173387096774194	0.324596774193548	0.332661290322581	0.169354838709677
0.118951612903226	0.282258064516129	0.495967741935484	0.102822580645161
0.0705645161290323	0.368951612903226	0.407258064516129	0.153225806451613
0.0766129032258065	0.770161290322581	0.0786290322580645	0.0745967741935484
0.0403225806451613	0.274193548387097	0.641129032258065	0.0443548387096774
0.0745967741935484	0.80241935483871	0.0604838709677419	0.0625
0.291164658634538	0.0803212851405622	0.560240963855422	0.0682730923694779
0.218875502008032	0.194779116465863	0.481927710843373	0.104417670682731
0.216867469879518	0.0481927710843374	0.475903614457831	0.259036144578313
0.0200803212851406	0.0562248995983936	0.897590361445783	0.0261044176706827
0.104417670682731	0.632530120481928	0.192771084337349	0.070281124497992
0.413654618473896	0.407630522088353	0.072289156626506	0.106425702811245
0.0240963855421687	0.283132530120482	0.0441767068273092	0.64859437751004
0.0240963855421687	0.240963855421687	0.387550200803213	0.347389558232932
0.0843373493975904	0.726907630522088	0.106425702811245	0.0823293172690763
0.00400801603206413	0.192384769539078	0.0420841683366733	0.761523046092184
0.00400801603206413	0	0.991983967935872	0.00400801603206413
0.00400801603206413	0.00200400801603206	0.993987975951904	0
0.0440881763527054	0	0.943887775551102	0.0120240480961924
0.877755511022044	0.0240480961923848	0.0601202404809619	0.0380761523046092
0.363453815261044	0.146586345381526	0.403614457831325	0.0863453815261044
0.246987951807229	0.112449799196787	0.118473895582329	0.522088353413655
0.0220883534136546	0.104417670682731	0.102409638554217	0.771084337349398
0.0301204819277108	0.0281124497991968	0.905622489959839	0.036144578313253
0.072289156626506	0.0642570281124498	0.0983935742971888	0.765060240963855
0.843373493975904	0.0200803212851406	0.1285140562249	0.00803212851405622
0.0100401606425703	0.0160642570281124	0.927710843373494	0.0461847389558233
0.0140845070422535	0.028169014084507	0.0362173038229376	0.921529175050302
0.0221327967806841	0.519114688128773	0.0643863179074447	0.394366197183099
0.0463709677419355	0.600806451612903	0.0786290322580645	0.274193548387097
0.193548387096774	0.326612903225806	0.223790322580645	0.256048387096774
0.165322580645161	0.330645161290323	0.282258064516129	0.221774193548387
0.179435483870968	0.294354838709677	0.3125	0.213709677419355
0.175403225806452	0.32258064516129	0.286290322580645	0.215725806451613
0.145454545454545	0.292929292929293	0.373737373737374	0.187878787878788
